intrinsic:
642.8588189031444 0.0 312.460718183633 
0.0 642.7978725949544 252.35283860069876 
0.0 0.0 1.0 
distortion:
0.11622820790747074 -0.38671363448656 -0.003041405961029565 -0.008463332651352238 0.4272647645665515 
