intrinsic:
608.0827575187834 0.0 320.097878934436 
0.0 609.5485867079445 228.13151631978795 
0.0 0.0 1.0 
distortion:
0.061954761237824015 -0.40782543175994784 0.0007711742843121155 0.003187408165545195 0.7136662932388945 
